0.05862984866718365384 0.48309123544425019992 0.34788336819812493150 0.08401576488630442541 0.02637978280413690035
0.05979277895935974224 0.54024757121366728807 0.32227115722432725375 0.06134794303913813224 0.01634054956350750390
0.00000000099999999980 0.00000000099999999980 0.00000000099999999980 0.99999999600000000211 0.00000000099999999980
0.06044349616527115027 0.51684200209685582372 0.34563082020441515674 0.06413788126736209849 0.01294580026609572568
0.05756177809858758349 0.50524483459086877435 0.35012785457712242154 0.07494659511441284505 0.01211893761900848313
0.06182581706539159311 0.54026634650971416818 0.31098674334646714268 0.06525811969736126927 0.02166297338106586839
0.00000000099999999993 0.00000000099999999993 0.99999999600000000211 0.00000000099999999993 0.00000000099999999993
0.02202841890474104003 0.54064080527440339097 0.33159463928478438710 0.07574977676985940322 0.02998635976621183072
0.00000000099999999974 0.00000000099999999974 0.00000000099999999974 0.99999999599999989108 0.00000000099999999974
0.06393297943853096243 0.51424037483617413002 0.31264635148588976188 0.08292440696726857685 0.02625588727213662085
0.05641880541818418415 0.51240700429492191947 0.33066104197829021549 0.08215131186543123132 0.01836183644317246344
0.06014470510101469630 0.48826094944990727775 0.35980106898486985401 0.07714223004011748486 0.01465104642409076167
0.00000000099999999990 0.00000000099999999990 0.99999999600000000211 0.00000000099999999990 0.00000000099999999990
0.05491371599820484700 0.51753557221674928446 0.33738662110594741517 0.07814896019553446704 0.01201513048356391868
0.00000000099999999995 0.00000000099999999995 0.99999999600000000211 0.00000000099999999995 0.00000000099999999995
0.00000000099999999992 0.00000000099999999992 0.99999999599999989108 0.00000000099999999992 0.00000000099999999992
0.05471797144647447958 0.50834046610378269548 0.32824472359628942275 0.08410830100108947216 0.02458853785236403411
0.05581766942374365853 0.49788717318370623310 0.34797558008017909215 0.08167173063143565170 0.01664784668093545819
0.99999999600000000211 0.00000000099999999990 0.00000000099999999990 0.00000000099999999990 0.00000000099999999990
0.99999999600000000211 0.00000000099999999993 0.00000000099999999993 0.00000000099999999993 0.00000000099999999993
0.99999999600000000211 0.00000000099999999992 0.00000000099999999992 0.00000000099999999992 0.00000000099999999992
0.99999999600000011313 0.00000000099999999998 0.00000000099999999998 0.00000000099999999998 0.00000000099999999998
0.99999999600000000211 0.00000000099999999992 0.00000000099999999992 0.00000000099999999992 0.00000000099999999992
0.99999999600000000211 0.00000000099999999992 0.00000000099999999992 0.00000000099999999992 0.00000000099999999992
0.99999999600000000211 0.00000000099999999991 0.00000000099999999991 0.00000000099999999991 0.00000000099999999991
0.99999999600000000211 0.00000000099999999990 0.00000000099999999990 0.00000000099999999990 0.00000000099999999990
0.05162827063965778895 0.29127142162686825433 0.15348907435960507106 0.03869097601697368827 0.46492025735689529453
0.99999999600000000211 0.00000000099999999993 0.00000000099999999993 0.00000000099999999993 0.00000000099999999993
0.06104175501400509185 0.74691404408129169479 0.12133312085973566030 0.05676685235684256203 0.01394422768812490949 
0.05247013269806093116 0.74430539985992727470 0.10143237945148313173 0.07443512545710329054 0.02735696253342542739
0.05969043209013773915 0.72879019148253987304 0.12639146134372930552 0.06720355097531623134 0.01792436410827687523
0.06093327883928167238 0.74729258780520035899 0.12130442364134927380 0.05473076624550755886 0.01573894346866111515
0.05928458893041364114 0.72536705832055514698 0.12208875980230100844 0.07282518674730625863 0.02043440619942400380
0.05195254780462360555 0.73402326244886062501 0.12351598163698138122 0.06849987421977983548 0.02200833388975446947
0.06906057958992314894 0.74666128890686489505 0.11517631853652419982 0.05344893564288684396 0.01565287732380101285
0.06194456739174306753 0.73443812354458293257 0.12965647324727422318 0.05726552670730046535 0.01669530910909930096
0.06945622715727108043 0.74674409777353656370 0.12327799290174808189 0.05021392210075497492 0.01030776006668937539
0.06752933799954545513 0.73029624755055277951 0.13527218142913344234 0.05322217088281532005 0.01368006213795287286
0.05956483913645884559 0.73363514060685164342 0.12038353516794109144 0.06538807115143505100 0.02102841393731338590
0.06738247859267290640 0.73301185505151411625 0.13467373187840989135 0.05267003960101374754 0.01226189487638946508
0.01195102384099997091 0.85989877860974306412 0.00000006965753960634 0.08531519322462664812 0.04283493466709067249
0.06546854358785336725 0.72994962906453730866 0.13423949444444804868 0.05204318662532475548 0.01829914627783650605
0.06797885699286881911 0.75402984819631424518 0.12033026978634654702 0.04874604757376133773 0.00891497745070901626
0.06858971104618577508 0.73880585524345787629 0.12609868028377008153 0.05315870821387468775 0.01334704521271159669
0.06507188806243063839 0.75864859364893344473 0.11088555714083517256 0.05223335016380136614 0.01316061098399919256
0.06134996185463269247 0.73932575106434850198 0.12970953084678810141 0.05353158354826462878 0.01608317268596607882
0.06006586319279845487 0.73698345557847766418 0.11326557471309295355 0.07064792742180070473 0.01903717909383027818
0.07411162557191514066 0.76189533832364886301 0.10830277220300497942 0.05569025129022098231 0.00000001261120992720
0.07023376889683888291 0.73463827131200598597 0.12370166798305559652 0.05743980259752057976 0.01398648921057889932
0.05713446320116603860 0.72198616436227003312 0.13466795589086011375 0.06460418090200371888 0.02160723564370002625
0.05790718615673549896 0.74792201699625027178 0.10846962193752270054 0.06362558170568621829 0.02207559320380537982
0.06512410633156417994 0.71944229845646845423 0.13017129514673528301 0.07171513066940458925 0.01354716939582756643
0.06960943214634789100 0.74963563666731147794 0.11229465912165136066 0.05335391001024616248 0.01510636205444307149
0.06428449233399857743 0.73686240361396559972 0.12688619428080780138 0.05718173198789406469 0.01478517778333398626
0.07564894797949685279 0.83543749828003355251 0.00007086404988302977 0.06875763492632711027 0.02008505476425953215
0.00000000099999999992 0.00000000099999999992 0.00000000099999999992 0.00000000099999999992 0.99999999600000000211
0.00000000099999999994 0.00000000099999999994 0.00000000099999999994 0.00000000099999999994 0.99999999600000000211
0.00000000099999999992 0.00000000099999999992 0.00000000099999999992 0.00000000099999999992 0.99999999599999989108
0.00000000099999999988 0.00000000099999999988 0.00000000099999999988 0.00000000099999999988 0.99999999599999989108
0.00000000099999999989 0.00000000099999999989 0.00000000099999999989 0.00000000099999999989 0.99999999599999989108
0.00000000099999999995 0.00000000150356797413 0.00000000099999999995 0.00000000101051281829 0.99999999548591911314
0.00000000099999999990 0.00000000099999999990 0.00000000099999999990 0.00000000099999999990 0.99999999600000000211
0.00000000353745411454 0.00000000445512475391 0.00000000454552737452 0.00000000229238348518 0.99999998516951027483
0.00000000164210445196 0.00000000252349216903 0.00000000360194041660 0.00000000099999999998 0.99999999123246285926
0.00000000099999999994 0.00000000099999999994 0.00000000099999999994 0.00000000099999999994 0.99999999600000000211
0.06619779151171330256 0.73507455108460639792 0.13519215666724074265 0.05352249123993254448 0.01001300949650708351
0.07108753230620529218 0.73599388051677960831 0.12823851644906736347 0.05373941995821324841 0.01094065076973439049
0.06149532544969589509 0.72912230890161178198 0.11833479420189026154 0.06680601898545851514 0.02424155246134355318
0.06365466574266938349 0.74853930953259639747 0.12478651526369144431 0.05212122834685864459 0.01089828111418414749
0.05720794027158616901 0.74060057950898572354 0.11989480999129623062 0.06399355979060976363 0.01830311043752219646
0.06908620295582770798 0.73177467123994821563 0.12960117167070109301 0.05565843604026354807 0.01387951809325939020
0.07373466023324395935 0.73700206436544701827 0.13857190972286440034 0.03953572481771509828 0.01115564086072939019
0.07518450623278806477 0.74803827798390398751 0.11925624765732932564 0.04772478327454491437 0.00979618485143383434
0.07271365071350208154 0.74056021453769949048 0.12934350714746584154 0.04896467550994747925 0.00841795209138509332
0.05873732658915184479 0.73660202936507457316 0.12078605525207797289 0.06812919393438617022 0.01574539485930951180
0.05744636604068230346 0.73235546206818924464 0.13538197536103949159 0.06085345579521959231 0.01396274073486940791
0.06401030528398726771 0.72358352624500932304 0.13264754657989069608 0.06417982730535663760 0.01557879458575609291
0.06248728955174477628 0.72292848560210054565 0.12756531754472838491 0.06818148616177355237 0.01883742113965267834
0.05258116998003783960 0.74049212525832097676 0.12268786708103389393 0.06513154949231141078 0.01910728818829586159
0.06197895627904868865 0.73877314372164193390 0.13219458332835593017 0.05343382760358440786 0.01361948906736904115
0.06566282175137905242 0.71521203747910100379 0.14798398344082031031 0.05562896312340184779 0.01551219420529775794
0.06095539724182191116 0.74211583421458038323 0.12052112099205088136 0.06038294565350904586 0.01602470189803776104
0.06260630487717809556 0.74222611785400116613 0.12646503229108616018 0.05377666042441824751 0.01492588455331630287
0.06119947293339886990 0.74213485666711298538 0.12067339474357917373 0.05840354250242468792 0.01758873315348425878
0.06022063327544794481 0.73361257435084825662 0.13017052473447771055 0.05925071994876943138 0.01674554769045666011
0.05968326541055516549 0.73097161613278571757 0.13172329183676662057 0.05878628646295975396 0.01883554015693275976
0.05414565029850748612 0.72412796277375501841 0.13071930952708576967 0.06637726019616785322 0.02462981720448383441
0.06556751367834719180 0.77277523314349938488 0.10056595946313269530 0.04945613153878906931 0.01163516217623153208
0.05300357793398866035 0.75245907509379938993 0.10917888720526572333 0.06785927015131686113 0.01749918961562937914
0.06346931137439990045 0.72349503623174771239 0.13494223821536985297 0.05992080069659071889 0.01817261348189175979
0.06317349761779098016 0.74504951640049255079 0.12683393343553719945 0.05526909849268785840 0.00967395405349148405
0.05582377211527311117 0.74136360019485525452 0.10551146810392282582 0.07697892047560592199 0.02032223911034290037
0.06806660491618125863 0.74856951261275284093 0.11368716096976685948 0.05292797598032871614 0.01674874552097030053
0.06040820348998416495 0.73910766719441312045 0.11603821341908435172 0.06424616643616819223 0.02019974946035030597
0.06727506726753719468 0.71981646419391753788 0.13292342426438399916 0.06138392998909981274 0.01860111428506132716
0.06623259286623826847 0.71312296700708499575 0.14459863496101013625 0.05912351086593792965 0.01692229429972869764
0.07213309603642877044 0.76060323703843790710 0.10073194728678498688 0.05772171442469670177 0.00881000521365153492
0.06968270626060706074 0.73164238753476396049 0.14379780227158353578 0.04739235735925065307 0.00748474657379487231
0.06470001922803085559 0.71513880833791521052 0.13796964397454089535 0.06739538225644800540 0.01479614620306506263
0.06620686739233917761 0.73451165079116143009 0.11559885348813432604 0.06505032268414451257 0.01863230564422046348
0.06238559938721961740 0.71780740887911731463 0.14081953802713489954 0.05973355156074965089 0.01925390214577858694
0.06544751176933230608 0.74707192483476958511 0.11240877809278213006 0.05629049533034172909 0.01878128997277412823
0.06478158399966697789 0.73398671146524430142 0.13216601029640437370 0.05885986096136759660 0.01020583327731661681
0.06039915867681051875 0.74594322226420506361 0.11159967907175680213 0.06431978577188296464 0.01773815421534464046
0.06436027806082386671 0.76651128562763448659 0.10005824940711416371 0.05723901684344036289 0.01183117006098721204
0.06046103432978452291 0.72318704593333504871 0.12277096134972832753 0.06800688950718140890 0.02557406887997076134
0.06242246993432601365 0.73141271759699821864 0.13617526558754278199 0.05383649983395390193 0.01615304704717903175
0.07038022531145576854 0.72585980372600344968 0.13169560671101934735 0.05743423001920588272 0.01463013423231546671
0.06900328065597113869 0.73959523435295371208 0.12051316058549153831 0.05700802768316400038 0.01388029672241956718
0.06769881244372702445 0.70687324232095327670 0.13339711387054670189 0.07535474491392801788 0.01667608645084493746
0.06288037876470539689 0.73252493406982410740 0.13323644650608612583 0.05359381479275523302 0.01776442586662920278
0.00000000099999999994 0.00000000099999999994 0.00000000099999999994 0.99999999600000000211 0.00000000099999999994
0.06191015913718229957 0.71584540069601076961 0.12476184312572989599 0.07443581169565875733 0.02304678534541818730
0.06273989261005866180 0.72481238887525933912 0.12169454263393085502 0.07083011010318591982 0.01992306577756518607
0.06330319034404759126 0.74866066165219369299 0.11871135433200495635 0.05921696310670794550 0.01010783056504584686
0.06230591966657307579 0.72679170341520971110 0.12034036348233757840 0.07293780327683167808 0.01762421015904787336
0.06475056591658330529 0.73152092367211218882 0.13499426746442599878 0.05034614675013612817 0.01838809619674226098
0.06830258125913568623 0.74205901651816119635 0.14001653974026267990 0.03804081255919392057 0.01158104992324645449
0.06642419797785681368 0.72192263029639236471 0.14275193264025298756 0.05267425944638984975 0.01622697963910794267
0.05766529044373074064 0.73993135485777927762 0.13757694526695243842 0.05250157261630487154 0.01232483681523266830
0.07028715089746837008 0.72486165935889801393 0.14108360429440786055 0.05463719930276148690 0.00913038614646418355
0.05795372020184520745 0.75309739896901950473 0.12892431937948192755 0.04719756794005740275 0.01282699350959595058
0.06324085136411465580 0.72559842207784364110 0.13730417213899898110 0.06213947772925463436 0.01171707668978812407
0.07047071086627043623 0.74112951048458919345 0.12687753938783566388 0.04862775572158243437 0.01289448353972221829
0.05977709667696558260 0.73152346845891447202 0.13750618841049394581 0.05762792715542698618 0.01356531929819905676
0.05772434153529341222 0.72821936170251722054 0.15156397044091640680 0.04342631505429749711 0.01906601126697542170
0.06215350112160004242 0.74460520601613822134 0.13830910037440929949 0.04084396734017250313 0.01408822514768001168
0.07251551033153735837 0.80596017791181795431 0.00522789762119464044 0.09481207230828063437 0.02148434182716950705
0.07338861282220741911 0.73520103055729790764 0.13211198722909997527 0.04817960533505420001 0.01111876405634042858
0.05649902221975437039 0.75856949194393119562 0.10308840738631841472 0.07144985273812309856 0.01039322571187291204
0.06119399498764712536 0.74555579153959761207 0.12374708122473260241 0.05291708272755171749 0.01658604952047096001
0.06802547076821496841 0.74017775148594688872 0.12928941530879542454 0.04768217505616753615 0.01482518738087505727
0.06179476336114368001 0.72260427879719246747 0.12648320108517946414 0.06901122161559734847 0.02010653514088704338
0.06913162958623908505 0.72873369953724309589 0.13782423275299823806 0.05320952274659664777 0.01110091537692281353
0.05963445130484280876 0.73133135120802861273 0.11399751114766713822 0.06953467167936834559 0.02550201466009312246
0.06995924567930721094 0.74226969007634746589 0.11436998991142380278 0.06355630275142287733 0.00984477158149858755
0.07914368488361975262 0.73371302364418145014 0.14844064947880392102 0.03280020030309044321 0.00590244169030428902
0.07760875381772248949 0.72653761181032228134 0.13341281699418008899 0.05485723926810249368 0.00758357810967268640
0.05842001784859002927 0.72357353325838791314 0.13237413223975333376 0.07157504857915943097 0.01405726807410933449
0.06370206957557789096 0.72848229787777196709 0.12504721435531360174 0.06251672440727462643 0.02025169378406191031
0.06997264794294628942 0.72970673729329238455 0.13243683112952447933 0.05516540479696212945 0.01271837883727469642
0.07081711022777273379 0.73757204805788323387 0.12987586928243691209 0.05050963196989165932 0.01122534046201544705
0.05543819143403935085 0.75812965058900760873 0.11407874929397616992 0.05431729726354330573 0.01803611141943354396
0.06487745709586242859 0.72052358567106777887 0.13121198151183866010 0.06949971964628491594 0.01388725607494628242
0.08189247862868828665 0.72159540645670883219 0.14390961559293199978 0.04443953625886630510 0.00816296306280451557
0.08598163731884364558 0.67825380943376323284 0.16492790703708037903 0.05862780004483908458 0.01220884616547364410
0.06487472878664668485 0.72246834827275607793 0.12891310943616740570 0.06829719318730879951 0.01544662031712102507
0.06048098119217738822 0.73190053715499070464 0.11856932776261852602 0.06629770471626283967 0.02275144917395044777
0.06177665519344318484 0.79700589821767775511 0.10090264991721270560 0.03370211527486319247 0.00661268139680314809
0.00006536710743214132 0.99989004529997638215 0.00000000100000000000 0.00000000100000000000 0.00004458559259140971
0.00003311649763172215 0.99990748969560849790 0.00000000100000000000 0.00000083949667409079 0.00005855331008574838
0.04785881965253298287 0.49266834106832890772 0.34621075694439351622 0.09114228008882717391 0.02211980224591741581
0.05719143260176765692 0.53963959206926259693 0.33234711867951116648 0.05473354296235405370 0.01608831368710456414
0.06139614681389253537 0.50759528065418957343 0.35535065073947003089 0.05963213156369984863 0.01602579022874798045
0.04720607069452033289 0.49203426160083829632 0.35713792598885701901 0.08511025741761514551 0.01851148429816919933
0.05596247043477424465 0.53257366690096319406 0.31788760158491424779 0.07384251510091820181 0.01973374597843016026
0.07020599229640946126 0.50549078988523443723 0.35026841546820680628 0.06223709263690419685 0.01179770971324504980
0.06280062891231762146 0.49280177973021338511 0.36487956449243774681 0.06579820312226361545 0.01371982374276764678
0.00000002361092375302 0.00000000099999999999 0.99999913555274899668 0.00000083854509874964 0.00000000129122847979
0.00000000099999999993 0.00000000099999999993 0.99999999600000000211 0.00000000099999999993 0.00000000099999999993
0.05585064874427979331 0.48487220852636797597 0.36848832837886369429 0.06864628701170455427 0.02214252733878396828
0.05393131921626584391 0.51837526242473486171 0.33324586339519546296 0.07573897260162897049 0.01870858236217492337
0.07540993283119466761 0.62645076910704733386 0.22526833774567406321 0.05638510818401253066 0.01648585213207134567
0.07721067840597689580 0.62369819728925723901 0.22917150676867154013 0.05175234927460937301 0.01816726826148497287
0.07218083540450148661 0.60290114769122615801 0.23428095742449098204 0.06228583509175548982 0.02835122438802581760
0.07083190867983021888 0.60962121686128845077 0.24097764731246190673 0.05854833621563804158 0.02002089093078134041
0.06559809260851096058 0.61397798743870923843 0.21788912217468206500 0.07588558112443233306 0.02664921665366544457
0.06130728043568020591 0.52636651104980070048 0.32315036343979308686 0.06746284099733480810 0.02171300407739122987
0.07341374361299125850 0.60512308955674920519 0.22679756257039807021 0.06398852060568704925 0.03067708365417437869
0.06667381386044315961 0.51430984450073058412 0.33386636863634294725 0.06822077039581890545 0.01692920260666449378
0.06254836120594083060 0.60671651337188658992 0.23638118635958715874 0.06585807415204299187 0.02849586491054230744
0.08356260139265299369 0.61143556275024979474 0.23416037386870131032 0.05368449906905976843 0.01715696291933617446
0.06691707936276949931 0.62489442802846439928 0.22339392475611058453 0.05736525167405171627 0.02742931617860370694
0.06895930868515928736 0.62371238917535432034 0.22863506274864886514 0.07814736657867317471 0.00054587281216441979
0.05771330701949124037 0.51446261797840253660 0.34500113475921156958 0.06594139654285079144 0.01688154370004384119
0.00000000099999999998 0.00000000099999999998 0.99999999600000000211 0.00000000099999999998 0.00000000099999999998
0.06830274478095212098 0.50945826574435471024 0.35745712799867185305 0.05128831766577402612 0.01349354381024738848
0.06285575990907733834 0.54041194987262308747 0.32668363425261914834 0.05822996710276118204 0.01181868886291918309
0.05857071350658678982 0.50878543540563725411 0.33708282642517428673 0.07453658636436150120 0.02102443829824025140
0.00030611438224139854 0.00000004003345830934 0.99781427842069847500 0.00187839617078486049 0.00000117099281703185
0.06765906887053341201 0.49769539638989174213 0.37686253284662141194 0.05026615706450293652 0.00751684482845059454
0.06564308739801606729 0.48622409595705512464 0.36624247261297787626 0.07182694722920850150 0.01006339680274240603
0.05325652101627107587 0.52286315902645141840 0.35201180770651746554 0.06144026229947723017 0.01042824995128271114
0.05465497686258188881 0.50807864922044776446 0.35702429250316386478 0.06350407932194558625 0.01673800209186085061
0.00000000099999999985 0.00000000099999999985 0.00000000099999999985 0.99999999600000000211 0.00000000099999999985
0.05954588379152678940 0.52761299157338581445 0.33893496986447962938 0.06283054783912611629 0.01107560693148163314
0.06420508123323702410 0.50132002237650996612 0.36092113221865051997 0.06184779386450595801 0.01170597030709655088
0.06799594522007394726 0.81485690231388063776 0.06842438941369649585 0.04396609384228094414 0.00475666921006797066
0.07505516829434391579 0.74921064314587093591 0.12124042640258796133 0.05007753555498099113 0.00441622660221613773
0.06841652394878261489 0.75873263366475718339 0.10666398090151149591 0.05609186065726454867 0.01009500082768405825
0.07437976887024927430 0.71659674750680280031 0.14635566164867783168 0.04904948007009429789 0.01361834190417578021
0.06599081136622610144 0.72379175859193745080 0.13689830976160621834 0.05668567745514344058 0.01663344282508685823
0.07025871474001860184 0.73473447320993756637 0.13208899818795602488 0.05016860301107188558 0.01274921085101595429
0.05899987755611801887 0.73027552678106766315 0.13329718437237475515 0.06299005634752496974 0.01443735494291459830
0.07228876298739617123 0.73911633972481050048 0.13129277570201161596 0.04346134877596346396 0.01384077280981813735
0.07069483895278894092 0.74795355608844837914 0.13217486070299996892 0.03932980967049818505 0.00984693458526458149
0.07486111009409129879 0.72311195173518016954 0.13813724135105878710 0.05508896377937987088 0.00880073304028993787
0.05395087753301255895 0.73431783278145768001 0.12959781513862569935 0.06576801153494124530 0.01636546301196268455
0.07468953244563059091 0.71927710468719296966 0.13579757677932102755 0.05862153015086394442 0.01161425593699140849
0.06947556258324671941 0.72077431045078366179 0.13955182764246193416 0.05845805434257519279 0.01174024498093264625
0.07738928397335255449 0.74673776883089282297 0.12197472525484329142 0.04581013156491618721 0.00808809037599527401
0.06777653921684795302 0.74560394315802813736 0.11488341850758794493 0.05528961731838138299 0.01644648179915464067
0.06621682907226450476 0.74502786991672165229 0.11645241974563652620 0.05556242227255127342 0.01674045899282609190
0.06454238110407881091 0.73154093820141974369 0.12982669481057537708 0.05740263979598531768 0.01668734608794067084
0.06811375589608367753 0.75226172252580414401 0.11964718399926782544 0.05050842310602695479 0.00946891447281735139
0.06507500899191674681 0.75424236562162583208 0.10578015758538812652 0.06144081197835307012 0.01346165582271628691
0.06673788499626696902 0.51905010464898837519 0.32847926301078483879 0.07268644575921011375 0.01304630158474964600
0.05419355459655667007 0.47241157818995760387 0.38212989911914968522 0.07539514909842671975 0.01586981899590914416
0.06440792886747540025 0.51182427048381951007 0.33824387527738553061 0.07278721496865395157 0.01273671040266554505
0.06603987095930095863 0.51864452175517838928 0.34317825535904517009 0.05610954558415030130 0.01602780634232520846
0.05655475311005397909 0.47774702258481999140 0.38107645531695683028 0.07123411430878730244 0.01338765467938193496
0.06393187169455223640 0.53802185158300452894 0.33596137954952615123 0.05348968834649676235 0.00859520882642022914
0.05786259680249967313 0.51592217777078286378 0.33021835501233187671 0.08034956822915245711 0.01564730218523305641
0.06759116303317777574 0.52437117371762920204 0.34044548205732810819 0.06139632509304034785 0.00619585609882460173
0.05959574655658338160 0.50386867366553222958 0.34912442150234307414 0.07352685323926685945 0.01388430503627440145
0.05216825737893853593 0.50788887794294557132 0.35454088656236565358 0.07077300959156715421 0.01462896852418305201
0.07052563528919586489 0.73170967882614379452 0.11849761368417333074 0.06438169164444940140 0.01488538055603757897
0.07195917279832513003 0.74151111032205296869 0.12689995212329269192 0.05041721120617125712 0.00921255355015783775
0.07792514464895373971 0.73117897415421850837 0.12995439210676623665 0.05131431685050948793 0.00962717223955196662
0.07682042091370833159 0.73784559335795096846 0.12422983618864949507 0.04961144150219337634 0.01149270803749779558
0.06698979805719783298 0.70569332663458506083 0.14777346075341915577 0.06679712454671735133 0.01274629000808061990
0.07270084209601480885 0.76207554099467422759 0.11395852845532551678 0.03760528369515539482 0.01365980475883015084
0.06663668707550340908 0.76317843622467462783 0.11029062466285116662 0.04902280381809699661 0.01087144821887377905
0.06262376874345339239 0.72826945681219878992 0.13424984021256755606 0.06200993020989389176 0.01284700402188631956
0.06167869878862578675 0.73826695608476800015 0.12632726848939035413 0.05821771319848595416 0.01550936343872997766
0.07070267403863360334 0.71730540054649238879 0.13123792965440000957 0.06381049799048194027 0.01694349776999205803
0.08903984387974146764 0.85123959810488258881 0.00000007301797593463 0.04143860990438497788 0.01828187509301517494
0.06690217239887955025 0.71317164118822462537 0.13857187110149155052 0.06816144579906878442 0.01319286951233553280
0.06093225462269074438 0.73546919616727424174 0.11778491862331315343 0.06572690298980381207 0.02008672759691813858
0.06446880358868714578 0.73281128516777882531 0.12787611805031712242 0.06385171241754897253 0.01099208077566805018
