0.29660610540695381276 0.64813958917818514927 0.05525430541486114205
0.26375100304469017987 0.69086707013197157234 0.04538192682333819922
0.99999999800000005656 0.00000000099999999996 0.00000000099999999996
0.27693009028241877267 0.68003945514600061539 0.04303045457158066744
0.29658597837018496612 0.66308886335386119093 0.04032515827595382213
0.26494527247431959305 0.68336574327491061975 0.05168898425076980108
0.99999999799999994554 0.00000000099999999997 0.00000000099999999997
0.27706775811385542241 0.67654391454258433480 0.04638832734356031912
0.99999999799999994554 0.00000000099999999994 0.00000000099999999994
0.27209363341969439176 0.67116793620691506117 0.05673843037339049850
0.28373210812978144624 0.66977676517178963422 0.04649112669842889178
0.29610137171313677396 0.65950552532123529748 0.04439310296562794245
0.99999999799999994554 0.00000000099999999996 0.00000000099999999996
0.27955070950430238597 0.68006295873491984239 0.04038633176077788961
0.99999999800000005656 0.00000000099999999999 0.00000000099999999999
0.99999999800000005656 0.00000000099999999997 0.00000000099999999997
0.27689422418124415293 0.67037835502383402719 0.05272742079492184764
0.29743187444469842973 0.65758502309056887647 0.04498310246473266605
0.00000000100000000000 0.68364537430409844099 0.31635462469590158729
0.00000000100000000000 0.67785403531953103418 0.32214596368046882757
0.00000016633817064344 0.68544262181666570921 0.31455721184516372002
0.08928612473046879106 0.69092526835930845319 0.21978860691022270024
0.00000000531108026603 0.68855276653272834420 0.31144722815619130252
0.00000000243119095103 0.69861110030243456226 0.30138889726637457800
0.00000000100000000000 0.66592362100985691420 0.33407637799014311408
0.00000000100000000000 0.67064734854490548610 0.32935265045509454218
0.12636955900024707256 0.37876287189972240865 0.49486756910003049104
0.00000103733406357998 0.66144007033993401645 0.33855889232600233640 
0.13178785719724014913 0.82688880388176566605 0.04132333892099415013
0.13218604186656518484 0.81622747386336458320 0.05158648427007035686
0.13716442179661861300 0.81820105649127361502 0.04463452171210776503
0.12681045956277922637 0.82992066605157577275 0.04326887438564488986
0.14289893056464914034 0.81007982337584716337 0.04702124605950371711
0.13108718853093107026 0.82239326934673784297 0.04651954212233107289
0.12566883052269339771 0.82894767669261171239 0.04538349278469499398
0.13875206109329071835 0.81689260548243203264 0.04435533342427720738
0.13155794066052728386 0.82893572714527941070 0.03950633219419332626
0.13567089208298233061 0.82096386095679541040 0.04336524696022229369
0.13530409764634215852 0.81725195659128280212 0.04744394576237506711
0.13715190214838751670 0.82145842755347997510 0.04138967029813243881
0.14254817497507579760 0.81210868454769646885 0.04534314047722780294
0.13982014000603473769 0.81318152167301516187 0.04699833832095015596
0.12176677359310277005 0.84045789108018464919 0.03777533532671267791
0.13478448196796480318 0.82221029616254259764 0.04300522186949255754
0.11998528277903462713 0.83855680101733010012 0.04145791620363518948
0.13258480969196825838 0.82421418703001858574 0.04320100327801312118
0.13690684985911916183 0.81739648821511579069 0.04569666192576504749
0.12360255992046643991 0.83670280327034662893 0.03969463680918693116
0.13442484681696714732 0.82165298975842149254 0.04392216342461140177
0.14138708369255922892 0.81094876669335580477 0.04766414961408508427
0.12552203650997653672 0.82648791098977503200 0.04799005250024848679
0.14746186284110679443 0.81064451474447773993 0.04189362241441539625
0.12282665940971031204 0.83229669833264818823 0.04487664225764152054
0.14292974726854804080 0.81420347193979847322 0.04286678079165349292
0.13686726235723239986 0.82196508599598505640 0.04116765164678260619
0.00000000099999999996 0.00000000099999999996 0.99999999800000005656
0.00000000099999999997 0.00000000099999999997 0.99999999799999994554
0.00000000099999999996 0.00000000099999999996 0.99999999799999994554
0.00000000099999999994 0.00000000099999999994 0.99999999800000005656
0.00000000099999999994 0.00000000099999999994 0.99999999799999994554
0.00000000099999999995 0.00000000099999999995 0.99999999799999994554
0.00000000099999999995 0.00000000099999999995 0.99999999799999994554
0.00000000099999999997 0.00000000099999999997 0.99999999799999994554
0.00000000099999999996 0.00000000099999999996 0.99999999800000005656
0.00000000099999999997 0.00000000099999999997 0.99999999799999994554
0.14124638618109358612 0.82053863362861079178 0.03821498019029559434
0.13574797280374861774 0.82325656180366046932 0.04099546539259101008
0.13537679215277964584 0.81343075138382037181 0.05119245646339996153
0.12818690811592656220 0.83324488969472687572 0.03856820218934665229
0.13952917191669261809 0.81661701237416872701 0.04385381570913875204
0.13632667610397772306 0.82009887419048721480 0.04357444970553516622
0.12759803848522877079 0.83002786038129672264 0.04237410113347449964
0.12314066412227304970 0.83595603120433736866 0.04090330467338948450
0.12992611205710333233 0.83131980222498957911 0.03875408571790707468
0.13760132156388010793 0.82040994667313260624 0.04198873176298734827
0.13490426535939384345 0.82507426723021626280 0.04002146741038994926
0.14054553994007368267 0.81555159534742582839 0.04390286471250040568
0.14124757376121596653 0.81237213879524672322 0.04638028744353722005
0.12967789813370370067 0.82680523949582651611 0.04351686237046981098
0.13368084241568004011 0.82488650387667805663 0.04143265370764186162
0.13940888914247553942 0.81618421503717630827 0.04440689582034821475
0.13018839546134194918 0.82682490950999110169 0.04298669502866701853
0.13243710989806778411 0.82508529447186484962 0.04247759563006734546
0.11976915949042508946 0.83543245643537744627 0.04479838407419751284
0.13798145299956718346 0.81847329566860504979 0.04354525133182772512
0.13733475023727595432 0.81687209124537885074 0.04579315851734524351
0.14050804717097201135 0.80970760447779788205 0.04978434835123016905
0.10811772297875349436 0.85185499340464398976 0.04002728361660247425
0.12747241539583892278 0.83056120683883949418 0.04196637776532149977
0.13491268078441387424 0.81889616002529419525 0.04619115919029184725
0.13834740391532865389 0.82502882882314587665 0.03662376726152551110
0.13157573839136790794 0.82241582364903897950 0.04600843795959318194
0.12404414472876551523 0.83010727120292371328 0.04584858406831083394
0.13033623145264669474 0.82242793674612013621 0.04723583180123324538
0.13775432483110605641 0.81462401716257193396 0.04762165800632195412
0.14183269982920948538 0.81215586018657581757 0.04601143998421465542
0.11973506943948461489 0.83827017828033700830 0.04199475228017843231
0.13604557226646188384 0.82698210715822761951 0.03697232057531050359
0.14587195104238906418 0.81108701463283794375 0.04304103432477299901
0.13103059580412679264 0.82150860671583936234 0.04746079748003390053
0.14645916943426401380 0.80663040261915586182 0.04691042794658014520
0.12539808103245436710 0.82756923869625709234 0.04703268027128849199
0.14326721050960083970 0.81888194905320088601 0.03785084043719826735
0.13716014877360374613 0.81865832071321409380 0.04418153051318211844
0.12220081742054172969 0.83826172606476667681 0.03953745651469158656
0.13577339929419141029 0.81189919876797489451 0.05232740193783364663
0.13960777876949762022 0.81665173478877850499 0.04374048644172390948
0.14131380075460803214 0.81392727235586748158 0.04475892688952446546
0.13307958523182633614 0.82337593943889542114 0.04354447532927826353
0.15340696760922606368 0.80101007949348357329 0.04558295289729030753
0.13122876431983143686 0.82271447149707366275 0.04605676418309493508
0.14292352186556203653 0.81291019790547547341 0.04416628022896250394
0.13464821714574659595 0.81414142915783027643 0.05121035369642314150
0.14031655441611295965 0.81247964938160999182 0.04720379620227706241
0.13043252415406655920 0.83204628817606574032 0.03752118766986771436
0.14211845529596370263 0.81258243113436490201 0.04529911356967154801
0.13440069685147659762 0.81891111041000186344 0.04668819273852154589
0.11498665828251196375 0.84476931374891384152 0.04024402796857412534
0.12326299510526989023 0.83136158703729445829 0.04537541785743563066
0.11918912915841417544 0.84276956732557706253 0.03804130351600869264
0.12270269739694927846 0.83991231187820081239 0.03738499072484989527
0.11261533498612229243 0.84852313522798317180 0.03886152978589455659
0.13425838105814838497 0.82656205850551467407 0.03917956043633689239
0.11493211822393221977 0.84231268071019826937 0.04275520106586952473
0.13485282694401534709 0.82506686828172381976 0.04008030477426081928
0.13539956587474774596 0.81839737247165711409 0.04620306165359518158
0.12642938623693403266 0.83224306543763293398 0.04132754832543302642
0.16163358581290709903 0.79840433650223352480 0.03996207768485941780
0.12964521315319474382 0.82818158590902157812 0.04217320093778366419
0.12258467746818284272 0.83774066604546937320 0.03967465648634778408
0.13117511475515900021 0.82505382298401319652 0.04377106226082785184
0.12933239440485674865 0.82651933077430239649 0.04414827482084094507
0.13861126032912504669 0.81417312174823552873 0.04721561792263933438
0.13138294909041994818 0.82802799907340762786 0.04058905183617234763
0.12940665591215061436 0.81839591924675236800 0.05219742484109702457
0.12398784619533551044 0.83288848753976074679 0.04312366626490383992
0.12949861457394110098 0.83366922813741339837 0.03683215728864555616
0.13782415592365573898 0.82206112661633545802 0.04011471746000875443
0.14976015941031789458 0.81005661412188156856 0.04018322646780046747
0.13383008771132454129 0.81764262819784994107 0.04852728409082555233
0.13598147881359287648 0.82142492066332384315 0.04259360052308323874
0.13620613348586552149 0.82235924537796445399 0.04143462113617005227
0.12633283041014167769 0.83025862923801008186 0.04340854035184829596
0.14535488300923227190 0.81249361708478684552 0.04215149990598076463
0.13047800374785492594 0.82818795256765875834 0.04133404368448639898
0.14484853522495391709 0.81119703509447727008 0.04395442968056877120
0.14102271605474780980 0.81503589610731996817 0.04394138783793219427
0.12879667979653763865 0.82121918911584290690 0.04998413108761955853
0.08979418426585043800 0.87812001013535367910 0.03208580559879589678
0.07606710281500626836 0.89672970809416419069 0.02720318909082961381
0.08928460901798200566 0.87957925621639365676 0.03113613476562432369
0.29297733450572455149 0.65857669206507207793 0.04844597342920340527
0.25722884346235008746 0.69720525373481978537 0.04556590280283009942
0.27564499500695066603 0.67838384671612983468 0.04597115827691945072
0.30299697701324984633 0.65291043200929299584 0.04409259097745716477
0.26571919714182162808 0.68642839360198215637 0.04785240925619630575
0.27430668263138552332 0.68175345706093448683 0.04393986030767990658
0.28996213699321593538 0.66462664393665404905 0.04541121907013003639
0.53023616630719461185 0.43430433868703988143 0.03545949500576558305
0.99999999799999994554 0.00000000099999999999 0.00000000099999999999
0.29711400997130293922 0.65218604736508323239 0.05069994266361373819
0.27478645607697627096 0.67808016796746728438 0.04713337595555636139
0.19495498226094556959 0.75527187251414018565 0.04977314522491432108
0.19103072622040781492 0.75667441358731368783 0.05229486019227854582
0.19706771609827652969 0.74222408996456801233 0.06070819393715540246
0.21131762033590520411 0.73672474730622827810 0.05195763235786652473
0.20509100879248903793 0.73831669047430559250 0.05659230073320532795
0.27082374738011805171 0.67753135410672127303 0.05164489851316067526
0.19991835014604550369 0.73642142946903932366 0.06366022038491510326
0.27086234829989241923 0.67973744324865348343 0.04940020845145407652
0.20565290822256787617 0.73664243220543790258 0.05770465957199431145
0.19453008684095982050 0.75175529205679181288 0.05371462110224848457
0.18885713951493460216 0.75299182233146699783 0.05815103815359833062
0.20094225094508447182 0.74618841964603621619 0.05286932940887935362
0.26888592171916753104 0.68505274847256425463 0.04606132980826820739
0.27889754491716728380 0.67630796654592273409 0.04479448853690994048
0.27238454848770415895 0.68088789390306214688 0.04672755760923365947
0.25249266802627307049 0.70526004280406506819 0.04224728916966171560
0.27886479530912233749 0.67086881833774925088 0.05026638635312833531
0.28445489408998203551 0.67542953784858050792 0.04011556806143744269
0.99999986042843902467 0.00000013849600291167 0.00000000107555806415
0.30051877741359456220 0.65825640344394231729 0.04122481914246310664
0.28818416405637886646 0.67455147400821446890 0.03726436193540661607
0.28771986264286025792 0.66719817644710321947 0.04508196091003653649
0.99999999799999994554 0.00000000099999999996 0.00000000099999999996
0.27866392430522202162 0.68112422297398889093 0.04021185272078903888
0.28407831621464779692 0.67334847677392228871 0.04257320701142996294
0.09265910850086823969 0.87455329437919449020 0.03278759711993730480
0.13250960408137027469 0.83356347034524957973 0.03392692557338009007
0.12787495279818938965 0.83333801970748888621 0.03878702749432172414
0.14008321433301101910 0.81492839187465271333 0.04498839379233636471
0.13719828444208823082 0.81718159670579837428 0.04562011885211333245
0.13376111452694047776 0.82383073685052443658 0.04240814862253505790
0.13383993272382815887 0.82465399754567414448 0.04150606973049767584
0.12849759709957375708 0.82723217180763619627 0.04427023109279010910
0.12638550909448637016 0.83431115920700582578 0.03930333169850781794
0.13009467959663489900 0.82954850559593173998 0.04035681480743343735
0.14031572378224765885 0.81809149954018089979 0.04159277667757151076
0.13533661147796860469 0.82175121337407441846 0.04291217514795703930
0.14160627950609214198 0.81721503512809101633 0.04117868536581686945
0.12571591767394418859 0.83514080883006280853 0.03914327349599300981
0.12680475714859218428 0.82750183305289626290 0.04569340979851155282
0.12494057006224172646 0.82919549089236088690 0.04586393904539740052
0.13252560146278238862 0.82245511677735372302 0.04501928175986390918
0.12929454500740431011 0.83268265341940039814 0.03802280157319535420
0.12313381451020025126 0.83520859032694216850 0.04165759516285751779
0.26375552865949647430 0.69148125734847631918 0.04476321399202718571
0.30382815146892838687 0.65142640531539730553 0.04474544321567428679
0.27760333989987928671 0.67860038156874147308 0.04379627853137925408
0.26706437847071962111 0.68490727187361322148 0.04802834965566704639
0.30594341805350150354 0.65169922966914139995 0.04235735227735709651
0.26280944168042719156 0.69822631636339915762 0.03896424195617362307
0.27657878733873408894 0.67847559033178583832 0.04494562232948002417
0.27633834704198440013 0.68695003008572186332 0.03671162287229366022
0.28319812931675220069 0.67308135334724716881 0.04372051733600069989
0.28294703193112469286 0.67502783624816253827 0.04202513182071276887
0.13490913949556018747 0.82116203480328675557 0.04392882570115308472
0.12899337832043192287 0.83179732154663088561 0.03920930013293710825
0.13150032658911231520 0.82719146109426222591 0.04130821231662548665
0.12546460849127857862 0.83114955696031855847 0.04338583454840294618
0.14920240614091062614 0.80852558110943884007 0.04227201274965045052
0.11042479595732329622 0.84481828982995743615 0.04475691421271923987
0.11665293582464507371 0.84363081293276265260 0.03971625124259235695
0.13759319560178964736 0.82157959561596527465 0.04082720878224511268
0.12847386620051648443 0.82828930054854876808 0.04323683325093472668
0.13739753554054751072 0.81552981621151054981 0.04707264824794196723
0.11720379563930305444 0.83849048568391548741 0.04430571867678142345
0.14959188979716986356 0.80836927596273044916 0.04203883424009965952
0.13458742228681133679 0.81815427496937087604 0.04725830274381774554
0.14107028968750598419 0.81996660427239431712 0.03896310604009977502
