0.16850998934763991577 0.13130401425678023264 0.04215643990872693786 0.65802955648685290679
0.13572765225939475986 0.13566935272968633219 0.03269591419848961317 0.69590708081242924621
0.99999999700000008485 0.00000000099999999989 0.00000000099999999989 0.00000000099999999989
0.14292715654446561113 0.14201426262110750098 0.02862072112491614514 0.68643785970951076703
0.15902198983440241076 0.13835930953733660553 0.02726096403237712046 0.67535773659588393958
0.14160803940605568019 0.13281489404069787841 0.03816803542326375337 0.68740903112998263946
0.99999999699999997382 0.00000000099999999992 0.00000000099999999992 0.00000000099999999992
0.15164562214234852955 0.12648194809589380361 0.03504332718926399248 0.68682910257249374375
0.99999999699999997382 0.00000000099999999985 0.00000000099999999985 0.00000000099999999985
0.15767339872353763885 0.13478859645542401458 0.04212457241516797540 0.66541343240587036423
0.16379421078150871449 0.12543152828137549282 0.03468416932532113889 0.67609009161179456360
0.16760529509731819653 0.13541206928228496920 0.03026024309666135170 0.66672239252373555196
0.00000000099999999995 0.99999999700000008485 0.00000000099999999995 0.00000000099999999995
0.15830454480365058201 0.12716876734515553116 0.02831832811554007776 0.68620835973565375010
0.99999999699999997382 0.00000000099999999995 0.00000000099999999995 0.00000000099999999995
0.00000000099999999994 0.99999999699999997382 0.00000000099999999994 0.00000000099999999994
0.16304572357259036752 0.12292493461136845545 0.04105439367483769419 0.67297494814120339957
0.17281306906819904334 0.12787481445832540872 0.03304584871318720640 0.66626626776028829990
0.00000000099999999994 0.99999999699999997382 0.00000000099999999994 0.00000000099999999994
0.00000000099999999996 0.99999999699999997382 0.00000000099999999996 0.00000000099999999996
0.00000000099999999995 0.99999999699999997382 0.00000000099999999995 0.00000000099999999995
0.06532175844282792077 0.50932811071795391911 0.07373613033870103639 0.35161400050051710986
0.00000000099999999995 0.99999999699999997382 0.00000000099999999995 0.00000000099999999995
0.00000000099999999995 0.99999999699999997382 0.00000000099999999995 0.00000000099999999995
0.00000000099999999994 0.99999999700000008485 0.00000000099999999994 0.00000000099999999994
0.00000000099999999994 0.99999999699999997382 0.00000000099999999994 0.00000000099999999994
0.07137993715642897141 0.08377691405235107580 0.47414723949455089835 0.37069590929666906831
0.00000000099999999996 0.99999999700000008485 0.00000000099999999996 0.00000000099999999996 
0.07539059845294041051 0.11067531378323469671 0.03160660948490389560 0.78232747827892101800
0.09061812789898722464 0.09401110345572845362 0.04527086471037170684 0.77009990393491256633
0.08591755880329661477 0.10799104046357548004 0.03562080918739690683 0.77047059154573094286
0.07638843056861124858 0.11100465966907215043 0.03310315859970641011 0.77950375116261017006
0.09469712188084275506 0.10689070966101393845 0.03781529663042537681 0.76059687182771795744
0.08795256416621823059 0.09900704451558561825 0.03974627484008028816 0.77329411647811585606
0.06945156325822392229 0.12154571988662044024 0.03297764481236965806 0.77602507204278592390
0.07825513119855004307 0.11388780152946645363 0.03391175955506871981 0.77394530771691483206
0.07382474309477322916 0.12057405271012687498 0.02787372443085512491 0.77772747976424483340
0.07442434310313281176 0.11801846827126344364 0.03160312326252560922 0.77595406536307820478
0.08761766600714976372 0.10552593950080196850 0.03880572210578265430 0.76805067238626556492
0.07357863919902556116 0.12065262363378402577 0.02950956665706799473 0.77625917051012249814
0.09243303501323429927 0.11377701206652314492 0.03434299596056149262 0.75944695695968111870
0.07341489711311015298 0.12274826755247646159 0.03477925499222519340 0.76905758034218818509
0.06974012492676921748 0.11882940070614836370 0.02614483721921504258 0.78528563714786736583
0.07662300896272433715 0.12097452123820595649 0.03063560585117696550 0.77176686394789273393
0.06761759271930696535 0.11673125091578803736 0.03045917774305538853 0.78519197862184963999
0.07426424177811208338 0.11400963794248905603 0.03328844551421533682 0.77843767476518355153
0.08984233191404734920 0.10724116439489254915 0.03642084654979069885 0.76649565714126932647
0.06883963782734846271 0.12155783088969432382 0.02760318936226872216 0.78199934192068853989
0.07884071006883222599 0.12084332772086946173 0.03143196660452080016 0.76888399560577747049
0.08921127463459121998 0.10530140216560823774 0.03939437891675298675 0.76609294428304752778
0.08772179753232976773 0.12292628213848245944 0.00002568323214154848 0.78932623709704619053
0.09635783153969589010 0.11531979131497387125 0.03063386742694010345 0.75768850971839019071
0.07133509373613135252 0.11816780039722429851 0.03277372487630354075 0.77772338099034088454
0.07716214573574718683 0.12102697801920528353 0.03112279371125346514 0.77068808253379406104
0.07844085464958840126 0.11729649626698138154 0.03003054076270233325 0.77423210832072786314
0.00000000099999999994 0.00000000099999999994 0.99999999699999997382 0.00000000099999999994
0.00000000099999999995 0.00000000099999999995 0.99999999699999997382 0.00000000099999999995
0.00000000099999999994 0.00000000099999999994 0.99999999699999986280 0.00000000099999999994
0.00000000099999999991 0.00000000099999999991 0.99999999699999986280 0.00000000099999999991
0.00000000099999999991 0.00000000099999999991 0.99999999699999986280 0.00000000099999999991
0.00000000099999999992 0.00000000099999999992 0.99999999699999986280 0.00000000099999999992
0.00000000099999999992 0.00000000099999999992 0.99999999699999997382 0.00000000099999999992
0.00000000099999999996 0.00000000099999999996 0.99999999699999997382 0.00000000099999999996
0.00000000099999999995 0.00000000099999999995 0.99999999699999997382 0.00000000099999999995
0.00000000099999999995 0.00000000099999999995 0.99999999699999986280 0.00000000099999999995
0.07652930694147530577 0.12137542904637749208 0.02675836480770036815 0.77533689920444681665
0.07563395994374287612 0.12512308825340945351 0.02779210403555677777 0.77145084776729078158
0.08586902850830725742 0.10800383165762524051 0.04200259573585962691 0.76412454409820784740
0.06867929654039627019 0.11662154291600280998 0.02825025590130080325 0.78644890464230010618
0.08397533833413554916 0.10815170661570844279 0.03527882784932124399 0.77259412720083475712
0.07665842326699957854 0.12240352405978598138 0.03120883004416659737 0.76972922262904786006
0.06380429653629313136 0.13010878904315348326 0.02828668367506770656 0.77780023074548565454
0.06831697818407375666 0.12749111191155693135 0.02724535520846129225 0.77694655469590800934
0.07140055478873023886 0.12573278474338078770 0.02553987417516282582 0.77732678629272611293
0.09145500015472086963 0.10400095761525454674 0.03349433980963351098 0.77104970242039105877
0.08420093224626916395 0.10634010736582126533 0.03171627916255574664 0.77774268122535372694
0.08664012307492063858 0.11362727097439681567 0.03325096839407119115 0.76648163755661136154
0.09159250430119170172 0.10699545797951678927 0.03704618945638626926 0.76436584826290521200
0.08315299629314072682 0.10052801344831249764 0.03672055324455528180 0.77959843701399156313
0.07567352116911620075 0.11461338440265203542 0.03091711361772138400 0.77879598081051037983
0.08347925072283840509 0.11877025297244046820 0.03283562648745574214 0.76491486981726541927
0.07736924758511828926 0.11152470137469168432 0.03330420965082032947 0.77780184138936969696
0.07278598662757390647 0.11520510841721792739 0.03224161998734120793 0.77976728496786706923
0.07687108536337257381 0.10779493023679841135 0.03543672197888351333 0.77989726242094548070
0.07783621355184013046 0.11353098000681986768 0.03380255590617941425 0.77483025053516063618
0.07755638668241371381 0.11157783072513419165 0.03637007073660764034 0.77449571185584453747
0.09100299788513221966 0.10099084129839772106 0.04219135613018239889 0.76581480468628759795
0.06396122542244392362 0.11299390042207722862 0.02944708742075101068 0.79359778673472780586
0.09025371052538432026 0.09419884842935431768 0.03553519684599009548 0.78001224419927128739
0.08278638713741373611 0.11274159478765186093 0.03590070283701872478 0.76857131523791566430
0.07912208065989134731 0.11511102878501675018 0.02679660140445993058 0.77897028915063204479
0.08984459543658226965 0.10168337676384144042 0.03778332274175742050 0.77068870505781894575
0.06745352131724942357 0.12002809131875864790 0.03399626215753961955 0.77852212520645236449
0.08602874876152839800 0.10693077673790066240 0.03778096066490985866 0.76925951383566104624
0.08658718057556800962 0.11753787041503592492 0.03592448439193739879 0.75995046461745863198
0.08644807295283696291 0.11824327073749618666 0.03439754811560873787 0.76091110819405805010
0.06982146560938470858 0.12093181125927139619 0.02932711130706474809 0.77991961182427915755
0.07434637807151020517 0.12391166167004569187 0.02444354853508102360 0.77729841172336311406
0.09522678659097802423 0.11260349031513741669 0.03237768005765785662 0.75979204303622671635
0.08176050108638283076 0.11457893023825461987 0.03626097184569591902 0.76739959682966663035
0.08383125655211032257 0.11545897780141843592 0.03626409176018341451 0.76444567388628792415
0.07110646506517602494 0.11504033041851814689 0.03635759598134920279 0.77749560853495669477
0.08091116229557715478 0.11795990941249252792 0.02695420987248988917 0.77417471841944041078
0.07985945097994445740 0.11314858560308981017 0.03418654247642279737 0.77280542094054294200
0.07098508191985199167 0.11556239735481170505 0.02898052164002500736 0.78447199908531128898
0.08834430439222902554 0.10883588549784441180 0.04286809519178936406 0.75995171491813717779
0.07390330074793667603 0.11776622915461355812 0.03307620362668130948 0.77525426647076844944
0.07907510136409691415 0.12432788333321166674 0.03167203823359329706 0.76492497706909812205
0.07873823528055053089 0.12062195235743068678 0.03094823579387464066 0.76969157656814413127
0.09931395430094737409 0.11381576586054947819 0.03444020948099986434 0.75243007035750331113
0.06984201241125441439 0.11729467082845061732 0.03506360566334799922 0.77779971109694689968
0.09594372422138555678 0.09803899699347513874 0.03719846754335099509 0.76881881124178830245
0.08395489419854432200 0.11101693084568667325 0.04083346521577705529 0.76419470973999192864
0.09452600916462446101 0.10703437267996464277 0.03778386161888833139 0.76065575653652262034
0.07563865271005217050 0.11383421781656939686 0.02754585017253805349 0.78298127930084038262
0.09386418064830157060 0.10745302671121198523 0.03558256723578165359 0.76310022540470479058
0.07181125989023330602 0.11743452787527727810 0.03587515131711047078 0.77487906091737901448
0.05789484705176931728 0.12504577015918305616 0.02878838501786360957 0.78827099777118403434
0.07727311198051696473 0.11570268935795668952 0.03470676667535114307 0.77231743198617530677
0.07107136923211296309 0.11220694188823257531 0.02875240495892222164 0.78796928392073217751
0.07882683163534175141 0.11634328294287023253 0.02707198569040543748 0.77775789973138265143
0.07315587175125794206 0.10379689966316171801 0.03107523088377866713 0.79197199770180159994
0.08158214864359324137 0.11213634575400591165 0.02953968977727165074 0.77674181582512924482
0.07154410959182855301 0.11826518335970273577 0.03074851496487814029 0.77944219208359055706
0.08193448971783794110 0.11105864995130981798 0.03113579383636225217 0.77587106649449000262
0.07005940164035356910 0.10961940019570061422 0.03811487898349868314 0.78220631918044714048
0.06439336428199747553 0.11430418649873119730 0.03183384734374554437 0.78946860187552569954
0.10406742352518567885 0.10956462068282149525 0.03053487691871686546 0.75583307887327588759
0.07348957529588982795 0.12430165581764029969 0.02867271176059046564 0.77353605712587947263
0.08951465360524772652 0.09963552739082921772 0.03180903620612623994 0.77904078279779676031
0.07287277516435237967 0.11121775978861249412 0.03417634650099718452 0.78173311854603799720
0.07036114546324276353 0.12056529841422698734 0.03205158393572318104 0.77702197218680701951
0.09106951361875975648 0.10923665091455854459 0.03780412278039856078 0.76188971268628313815
0.07764080341098060500 0.12223424598139018271 0.02837498167605579866 0.77174996893157343791
0.08411313170673891115 0.10748152305882609225 0.04291938989174096802 0.76548595534269403551
0.08706655040990751715 0.11335306059055959282 0.03123861470237864618 0.76834177429715422303
0.06455113030191843293 0.14017887273876614151 0.02115232358493417120 0.77411767337438130987
0.08192856586422915532 0.12742228179097650487 0.02580580893107827303 0.76484334341371607024
0.09796505776400096788 0.10485388420654699615 0.03176910177026723292 0.76541195625918478918
0.08588899321329311609 0.11151320490815674891 0.03790372894704987367 0.76469407293150037930
0.07576261443021552189 0.12379745910054525126 0.02993755136833001901 0.77050237510090913151
0.07284780088917178209 0.12649512996570505541 0.02789613284115769615 0.77276093630396547329
0.06756813487440627153 0.10954420959848264194 0.03490722060427296075 0.78798043492283809108
0.09218822052721625804 0.11390093891429917128 0.03143944596434013194 0.76247139459414448037
0.06774300440138923685 0.13870037296605527977 0.02496005913161800094 0.76859656350093741306
0.09025493238020383668 0.14173337641651440055 0.02646569905506236664 0.74154599214821936837
0.09056029611740207264 0.11475521678983600926 0.03298593058803542255 0.76169855650472650943
0.08635261788036786845 0.10654309353050910036 0.04057666595989223995 0.76652762262923079817
0.00000152159432853471 0.00063598727870289482 0.05777516360080731800 0.94158732752616125516
0.03152987678253179465 0.12908716544603415777 0.01382800185100764925 0.82555495592042638098
0.05421176882640581923 0.11156656522777895491 0.02098381392268003007 0.81323785202313525478
0.17063602899759572340 0.12166249312803850691 0.03822942923260046894 0.66947204864176534933
0.13173472129803720509 0.12996166318453888922 0.03356728960285700059 0.70473632591456691898
0.14608078942937763323 0.13972041122112618949 0.03193013582150281554 0.68226866352799342419
0.17267120383036999032 0.12797346146277316370 0.03282827976912006812 0.66652705493773678480
0.14603384178961223427 0.12710824495407344048 0.03627349246787392456 0.69058442078844040068
0.14358393072527311785 0.15106443210813322309 0.02719697542728082701 0.67815466173931282512
0.15127726739366881281 0.14193821383223151344 0.03045492144981899393 0.67632959732428077348
0.16390255415671090011 0.11453382269096462620 0.04224861865698895103 0.67931500449533543939
0.15566762323040556071 0.12041961266281674126 0.03480313309321979298 0.68910963101355793281
0.15655819741371790332 0.13567496999007885861 0.03823146235455229108 0.66953537024165088454
0.15437253211749843440 0.12386976641191918547 0.03563469580866313741 0.68612300566191930518
0.10554926433830072452 0.13659999517991347484 0.03425994309272616806 0.72359079738905962564
0.09989692856216704497 0.13880619919698686249 0.03616923568169661679 0.72512763655914946881
0.11325684286304790738 0.12942718714178827466 0.04651600311112748937 0.71079996688403634941
0.11200636387484014245 0.13432558195214416852 0.03745314677937464781 0.71621490739364102041
0.12835447192628632318 0.11522666787496958773 0.04505322084190804821 0.71136563935683605475
0.14859713077068853471 0.13443030435621650120 0.03786837099170912990 0.67910419388138576480
0.11684935013171021678 0.13094372068205084592 0.04827668017382801685 0.70393024901241096902
0.13979720541261897448 0.14766805766519211507 0.03283835564046333477 0.67969638128172560343
0.11986594898694118150 0.12197704539129348988 0.04601201271670968956 0.71214499290505561824
0.10486638033925983760 0.14355523221897772967 0.03540270128447910863 0.71617568615728333103
0.10371808172681136473 0.12137505771596945880 0.04748612914199088625 0.72742073141522833879
0.12223281189108754774 0.11092486168030674110 0.04296183684157391103 0.72388048958703188340
0.14485852592671877304 0.13669192784179956535 0.03223015453014634740 0.68621939170133527952
0.15559246738649271102 0.13253813885195159239 0.03147754966904010854 0.68039184409251562968
0.13089982484271311947 0.15211548055415519132 0.03007833237665168136 0.68690636222647993847
0.13343666133053999623 0.13310323110340896435 0.02903698924292609854 0.70442311832312498598
0.15508816685440740546 0.13432695209125622426 0.03666648911094751856 0.67391839194338887253
0.15744311485868756062 0.13238121888314982599 0.02765791695597938360 0.68251774930218322979
0.14681896264305910327 0.14745430192632719146 0.02363344788378255248 0.68209328754683107299
0.15795115610542606599 0.15006545833543721846 0.02472282882834496431 0.66726055673079165409
0.14972126711745431527 0.13436912050472787916 0.02524334779270854742 0.69066626458510926856
0.14793703782485195797 0.13579911671016725583 0.03264519244766796169 0.68361865301731283839
0.99999999699999997382 0.00000000099999999991 0.00000000099999999991 0.00000000099999999991
0.14870326998656732687 0.13667911392200154941 0.02717151744509922057 0.68744609864633177132
0.14533004077670466647 0.14702833294810047082 0.02731212496685352445 0.68032950130834135560
0.05295084509739687167 0.11516727715955438205 0.02242976865909085404 0.80945210908395792693
0.07375516148774258207 0.12850696001619163478 0.02030165216031650996 0.77743622633574926972
0.07331493635313528212 0.11744433010305911635 0.02774208592405740317 0.78149864761974818794
0.07341474610383835753 0.13235035413506124335 0.03027858842389842195 0.76395631133720198758
0.08106190972373750192 0.11624624843827871534 0.03447429065567058498 0.76821755118231316306
0.07372656478463722463 0.12330256174317352769 0.02976879272622070388 0.77320208074596852299
0.08219490408048706065 0.10822469002419510264 0.03216165093387566426 0.77741875496144219326
0.06731497020801181785 0.12873379249961552917 0.03030734554741142117 0.77364389174496128732
0.06312334295952400087 0.12574970792289352772 0.02669027905196728542 0.78443667006561523802
0.08039345374448660098 0.12579174670565160254 0.02617269728404175710 0.76764210226582008101
0.08823855569596321391 0.10448585952632738483 0.03341575113745836462 0.77385983364025101583
0.08401233031081582758 0.12367878525190603711 0.02917598282153454486 0.76313290161574354187
0.08536078678049283108 0.12166305234791384426 0.02859503213246150644 0.76438112873913188761
0.06692414386715084262 0.13268507419149266902 0.02411792246415818061 0.77627285947719837367
0.07433663635305828854 0.13096074999402870787 0.00579711527857892581 0.78890549837433410207
0.07714471446422661860 0.11528840478372121003 0.03402164061021960978 0.77354524014183256853
0.08458859560502325625 0.11417354756408940042 0.03397388833273828207 0.76726396849814904044
0.06743408696216085518 0.12601350047127973797 0.02547929415980186227 0.78107311840675752723
0.08170841948340180905 0.11132954989341285745 0.03083443148271195616 0.77612759914047335652
0.14761592797451095205 0.13940216198329322128 0.02921216588220386032 0.68376974415999203227
0.16658474538090034534 0.13257399961822152745 0.03191814590799087886 0.66892310909288721366
0.15387144219583065441 0.14049681974537084339 0.02834204186287199098 0.67728969619592649387
0.14067789808853628508 0.14362168860092874856 0.03265873260508612291 0.68304168070544879487
0.16713242660473329182 0.14111839586018726234 0.02819582340657379380 0.66355335412850569021
0.13111310462781525232 0.14025796015390878946 0.02511811205950444451 0.70351082315877144779
0.15871328515089030975 0.12719487864036524427 0.03221328261583129154 0.68187855359291316137
0.14198944640460042788 0.14704921869029402570 0.02123195886960484863 0.68972937603550077412
0.15956756654048667721 0.13436052801920328470 0.03020051496877233788 0.67587139047153765858
0.15729523315925392213 0.12573871204151379488 0.03074960515149842075 0.68621644964773376163
0.08424099038753785074 0.12111800052799670535 0.03120150831849242273 0.76343950076597300036
0.07078137320776291264 0.12525872552975303442 0.02602741520594643518 0.77793248605653764205
0.07422493551117484434 0.12903181972225502561 0.02690133907294111129 0.76984190569362909162
0.07067406350788170422 0.12818791193519568639 0.02915485814245685064 0.77198316641446573794
0.09317399326455859387 0.11662978034422094575 0.03072938689855115452 0.75946683949266935443
0.05492370300281015222 0.12589782096497864616 0.03113749393466724510 0.78804098209754402937
0.06347888258844747167 0.11922211209250374586 0.02768044418520189745 0.78961856113384687461
0.08457226552473576242 0.11372007734124763012 0.03008613101257525888 0.77162152612144141450
0.07973994866806487225 0.10910834170069352855 0.03353660718691097581 0.77761510244433051930
0.08844328298533567223 0.12541750995216111031 0.02333698449738811492 0.76280222256511509560
0.06114575313951309959 0.12914704829230416738 0.02983322211041204014 0.77987397645777067900
0.09438351339898037873 0.11630268718531608374 0.03059139420901200654 0.75872240520669154140
0.08716305962537408691 0.10733979907573347468 0.03767495329580180380 0.76782218800309065543
0.08623209437902282226 0.11572930557520282047 0.02787013118231038492 0.77016846886346401746
